Basic Counter
    E : 20945
    T : 13334
    S : 13031
    A : 12773
    R : 12306
    O : 12126
    H : 11905
    N : 11119
    I : 10497
    D : 8238
    L : 7704
    U : 4692
    W : 4024
    G : 3984
    F : 3849
    M : 3649
    C : 3223
    P : 2937
    Y : 2754
    B : 2588
    V : 1889
    K : 898
    Z : 198
    J : 193
    Q : 159
    X : 137
      :  16
Total Elapsed Time : 4.870141

Csuros Counter
    E : 11473
    T : 9215
    S : 8999
    A : 8923
    R : 8649
    O : 8585
    H : 8472
    N : 8053
    I : 7716
    D : 6639
    L : 6302
    U : 4692
    W : 4024
    G : 3984
    F : 3849
    M : 3649
    C : 3223
    P : 2937
    Y : 2754
    B : 2588
    V : 1889
    K : 898
    Z : 198
    J : 193
    Q : 159
    X : 137
Total Elapsed Time : 4.888166

Frequent Counter
    E : 4479
    T :   3
    A :   2
    D :   2
    H :   1
    N :   1
Total Elapsed Time : 4.891056

Absolute error csuros' counter
    E : 9472
    T : 4119
    S : 4032
    A : 3850
    R : 3657
    O : 3541
    H : 3433
    N : 3066
    I : 2781
    D : 1599
    L : 1402

Absolute error frequent counter
    E : 16466
    T : 13331
    A : 12771
    H : 11904
    N : 11118
    D : 8236

Relative error csuros' counter
    E : 0.452232
    T : 0.308910
    S : 0.309416
    A : 0.301417
    R : 0.297172
    O : 0.292017
    H : 0.288366
    N : 0.275744
    I : 0.264933
    D : 0.194101
    L : 0.181983

Relative error frequent counter
    E : 0.786154
    T : 0.999775
    A : 0.999843
    H : 0.999916
    N : 0.999910
    D : 0.999757
