Basic Counter
    E : 11493
    N : 6842
    I : 5920
    R : 4703
    S : 4590
    T : 4365
    A : 3845
    H : 3810
    D : 3355
    U : 3316
    L : 2804
    O : 2580
    C : 2247
    M : 2225
    G : 1943
    B : 1438
    W : 1278
    F : 1018
    Z : 720
    K : 681
    V : 576
    P : 508
    Y : 388
    J : 220
    X :  23
    Q :  17
Total Elapsed Time : 1.155542

Csuros Counter
    E : 8238
    N : 5926
    I : 5447
    R : 4703
    S : 4590
    T : 4365
    A : 3845
    H : 3810
    D : 3355
    U : 3316
    L : 2804
    O : 2580
    C : 2247
    M : 2225
    G : 1943
    B : 1438
    W : 1278
    F : 1018
    Z : 720
    K : 681
    V : 576
    P : 508
    Y : 388
    J : 220
    X :  23
    Q :  17
Total Elapsed Time : 1.161910

Frequent Counter
    E : 4926
    N : 286
    O :  16
    R :   2
    L :   1
    D :   1
    M :   1
    A :   1
    I :   1
Total Elapsed Time : 1.164623

Absolute error csuros' counter
    E : 3255
    N : 916
    I : 473

Absolute error frequent counter
    E : 6567
    N : 6556
    I : 5919
    R : 4701
    A : 3844
    D : 3354
    L : 2803
    O : 2564
    M : 2224

Relative error csuros' counter
    E : 0.283216
    N : 0.133879
    I : 0.079899

Relative error frequent counter
    E : 0.571391
    N : 0.958199
    I : 0.999831
    R : 0.999575
    A : 0.999740
    D : 0.999702
    L : 0.999643
    O : 0.993798
    M : 0.999551
