Basic Counter
    E : 15428
    A : 6640
    S : 6547
    T : 6454
    R : 6368
    O : 6086
    I : 6010
    N : 5916
    U : 5758
    L : 4805
    M : 3052
    D : 2787
    C : 2783
    P : 2452
    V : 1498
    H : 1080
    F : 1003
    Q : 955
    B : 871
    G : 839
    J : 746
    Y : 448
    X : 297
    Z : 218
    W : 179
    K : 108
      :   3
Total Elapsed Time : 1.933766

Csuros Counter
    E : 10139
    A : 5817
    S : 5770
    T : 5715
    R : 5679
    O : 5554
    I : 5483
    N : 5452
    U : 5363
    L : 4805
    M : 3052
    D : 2787
    C : 2783
    P : 2452
    V : 1498
    H : 1080
    F : 1003
    Q : 955
    B : 871
    G : 839
    J : 746
    Y : 448
    X : 297
    Z : 218
    W : 179
    K : 108
Total Elapsed Time : 1.944804

Frequent Counter
    E : 7224
    T :  55
    O :  11
    L :   1
Total Elapsed Time : 1.945970

Absolute error csuros' counter
    E : 5289
    A : 823
    S : 777
    T : 739
    R : 689
    O : 532
    I : 527
    N : 464
    U : 395

Absolute error frequent counter
    E : 8204
    T : 6399
    O : 6075
    L : 4804

Relative error csuros' counter
    E : 0.342818
    A : 0.123946
    S : 0.118680
    T : 0.114503
    R : 0.108197
    O : 0.087414
    I : 0.087687
    N : 0.078431
    U : 0.068600

Relative error frequent counter
    E : 0.531760
    T : 0.991478
    O : 0.998193
    L : 0.999792
